2 0.753 0.674 0.423 0.336
2 0.202 0.759 0.371 0.352
2 0.515 0.419 0.257 0.151
2 0.876 0.349 0.173 0.127
2 0.72 0.236 0.151 0.102
2 0.149 0.402 0.266 0.14
2 0.24 0.242 0.135 0.078
1 0.743 0.967 0.296 0.062
1 0.507 0.942 0.121 0.111
1 0.874 0.478 0.182 0.167
1 0.7 0.712 0.528 0.47
1 0.229 0.724 0.423 0.481
1 0.822 0.34 0.283 0.212
1 0.901 0.197 0.127 0.114
1 0.678 0.249 0.108 0.102
1 0.763 0.19 0.16 0.247
1 0.497 0.413 0.367 0.225
1 0.171 0.414 0.306 0.294
1 0.061 0.283 0.087 0.076
1 0.393 0.243 0.084 0.071
1 0.29 0.179 0.068 0.087
1 0.297 0.208 0.107 0.096
