2 0.744 0.497 0.277 0.219
2 0.701 0.281 0.126 0.111
2 0.592 0.397 0.154 0.123
2 0.403 0.469 0.282 0.202
2 0.3 0.346 0.097 0.054
2 0.5 0.219 0.277 0.245
2 0.242 0.211 0.238 0.205
2 0.109 0.305 0.162 0.074
2 0.083 0.419 0.162 0.154
2 0.131 0.155 0.113 0.117
1 0.726 0.509 0.349 0.299
1 0.231 0.672 0.277 0.245
2 0.187 0.459 0.179 0.142
0 0.39 0.527 0.303 0.148
0 0.6 0.353 0.272 0.228
0 0.204 0.333 0.403 0.12
0 0.282 0.145 0.236 0.125
0 0.14 0.137 0.192 0.16
2 0.468 0.759 0.121 0.145
2 0.249 0.657 0.154 0.117
1 0.533 0.779 0.913 0.197
