2 0.565 0.669 0.065 0.122
2 0.752 0.481 0.113 0.057
2 0.161 0.742 0.28 0.359
2 0.419 0.383 0.248 0.316
2 0.614 0.133 0.155 0.093
2 0.24 0.22 0.045 0.053
1 0.871 0.725 0.256 0.545
0 0.669 0.871 0.147 0.254
0 0.45 0.873 0.147 0.249
1 0.55 0.782 0.479 0.431
1 0.177 0.718 0.351 0.512
1 0.712 0.35 0.305 0.347
1 0.407 0.383 0.312 0.354
1 0.931 0.408 0.134 0.108
0 0.933 0.153 0.131 0.297
1 0.623 0.1 0.297 0.191
0 0.541 0.048 0.19 0.081
0 0.321 0.041 0.067 0.072
0 0.216 0.063 0.133 0.117
1 0.27 0.151 0.319 0.292
