2 0.959 0.873 0.074 0.142
2 0.294 0.941 0.235 0.112
2 0.057 0.793 0.114 0.132
2 0.83 0.494 0.332 0.2
2 0.578 0.54 0.446 0.182
2 0.283 0.445 0.396 0.204
2 0.587 0.311 0.223 0.124
2 0.788 0.313 0.196 0.095
2 0.793 0.256 0.171 0.047
2 0.696 0.196 0.196 0.059
2 0.706 0.14 0.135 0.065
2 0.522 0.228 0.157 0.054
2 0.472 0.18 0.18 0.051
2 0.439 0.132 0.247 0.072
2 0.224 0.242 0.369 0.132
2 0.105 0.202 0.209 0.076
2 0.856 0.749 0.128 0.118
1 0.939 0.759 0.119 0.132
0 0.771 0.868 0.199 0.211
1 0.817 0.791 0.163 0.113
1 0.56 0.886 0.272 0.226
0 0.597 0.727 0.135 0.186
1 0.285 0.918 0.398 0.161
0 0.042 0.929 0.083 0.139
1 0.32 0.727 0.453 0.233
1 0.069 0.787 0.138 0.169
1 0.826 0.503 0.344 0.2
1 0.593 0.542 0.623 0.271
1 0.299 0.466 0.526 0.258
1 0.83 0.341 0.311 0.109
1 0.581 0.341 0.37 0.169
1 0.209 0.3 0.419 0.152
1 0.934 0.258 0.128 0.087
1 0.951 0.18 0.095 0.023
1 0.699 0.204 0.221 0.08
1 0.485 0.236 0.279 0.072
1 0.683 0.143 0.213 0.077
1 0.202 0.134 0.24 0.098
0 0.171 0.123 0.201 0.048
1 0.03 0.151 0.061 0.073
0 0.851 0.136 0.059 0.081
0 0.401 0.076 0.045 0.069
0 0.1 0.05 0.107 0.099
