2 0.91 0.887 0.177 0.224
2 0.258 0.825 0.517 0.347
2 0.635 0.757 0.118 0.141
2 0.748 0.553 0.281 0.205
2 0.149 0.489 0.295 0.19
2 0.742 0.388 0.192 0.083
2 0.471 0.357 0.136 0.066
2 0.642 0.294 0.251 0.185
2 0.681 0.208 0.076 0.053
2 0.512 0.15 0.152 0.067
0 0.93 0.935 0.136 0.127
1 0.898 0.859 0.2 0.28
1 0.303 0.805 0.603 0.387
0 0.752 0.558 0.362 0.251
1 0.474 0.483 0.251 0.147
0 0.763 0.361 0.3 0.177
0 0.47 0.334 0.199 0.165
0 0.18 0.48 0.36 0.332
0 0.277 0.312 0.227 0.137
0 0.715 0.217 0.237 0.117
1 0.532 0.12 0.273 0.077
0 0.51 0.153 0.226 0.141
0 0.288 0.21 0.327 0.11
0 0.907 0.162 0.182 0.321
0 0.799 0.056 0.227 0.113
