2 0.407 0.948 0.103 0.101
2 0.836 0.723 0.132 0.201
2 0.944 0.644 0.109 0.104
2 0.56 0.373 0.158 0.122
2 0.347 0.339 0.144 0.121
2 0.718 0.081 0.091 0.045
2 0.623 0.12 0.096 0.065
2 0.378 0.104 0.039 0.047
2 0.219 0.188 0.064 0.05
1 0.799 0.766 0.123 0.357
1 0.938 0.633 0.123 0.185
1 0.823 0.773 0.282 0.319
1 0.617 0.903 0.113 0.171
1 0.808 0.959 0.106 0.079
1 0.52 0.727 0.095 0.138
1 0.418 0.929 0.249 0.139
1 0.405 0.906 0.037 0.185
1 0.375 0.744 0.093 0.133
1 0.305 0.871 0.077 0.171
1 0.224 0.933 0.102 0.131
1 0.092 0.871 0.106 0.158
1 0.114 0.723 0.216 0.295
1 0.061 0.623 0.12 0.24
1 0.908 0.535 0.082 0.074
1 0.964 0.346 0.07 0.099
1 0.933 0.225 0.132 0.131
1 0.76 0.31 0.114 0.482
0 0.565 0.421 0.258 0.309
1 0.345 0.332 0.193 0.215
0 0.209 0.459 0.109 0.24
1 0.154 0.347 0.157 0.017
1 0.16 0.391 0.152 0.148
1 0.045 0.386 0.072 0.087
1 0.218 0.273 0.086 0.091
1 0.12 0.232 0.061 0.07
0 0.861 0.093 0.071 0.186
0 0.74 0.114 0.159 0.228
1 0.621 0.119 0.117 0.091
1 0.561 0.042 0.098 0.074
1 0.49 0.163 0.153 0.158
0 0.443 0.156 0.153 0.054
1 0.379 0.112 0.106 0.086
1 0.361 0.045 0.049 0.057
1 0.436 0.042 0.039 0.05
1 0.401 0.081 0.037 0.084
1 0.317 0.13 0.046 0.062
1 0.234 0.16 0.085 0.065
1 0.216 0.189 0.137 0.089
