2 0.783 0.805 0.32 0.386
2 0.575 0.565 0.205 0.231
2 0.448 0.342 0.148 0.155
2 0.154 0.538 0.302 0.319
0 0.787 0.764 0.4 0.467
1 0.577 0.557 0.262 0.31
0 0.239 0.394 0.19 0.35
0 0.161 0.487 0.321 0.436
1 0.961 0.407 0.072 0.181
1 0.905 0.313 0.134 0.131
1 0.808 0.208 0.023 0.088
1 0.813 0.256 0.085 0.093
1 0.708 0.324 0.226 0.21
1 0.689 0.174 0.08 0.086
1 0.543 0.13 0.051 0.117
2 0.499 0.144 0.07 0.088
1 0.503 0.183 0.085 0.086
1 0.382 0.12 0.052 0.117
1 0.457 0.34 0.205 0.205
1 0.559 0.237 0.161 0.288
1 0.255 0.132 0.08 0.093
1 0.209 0.22 0.13 0.112
1 0.196 0.2 0.149 0.067
1 0.099 0.262 0.097 0.105
0 0.035 0.323 0.07 0.155
