2 0.776 0.636 0.395 0.249
2 0.419 0.521 0.321 0.189
2 0.845 0.358 0.307 0.201
2 0.717 0.227 0.219 0.112
2 0.527 0.351 0.271 0.11
2 0.217 0.396 0.262 0.143
2 0.177 0.257 0.241 0.111
2 0.438 0.225 0.209 0.097
2 0.555 0.142 0.192 0.064
2 0.269 0.156 0.203 0.072
2 0.05 0.18 0.1 0.048
1 0.906 0.825 0.03 0.195
1 0.238 0.858 0.336 0.282
1 0.248 0.696 0.25 0.078
1 0.125 0.539 0.249 0.065
1 0.092 0.854 0.184 0.28
1 0.763 0.637 0.408 0.263
1 0.427 0.52 0.361 0.214
1 0.209 0.392 0.318 0.171
0 0.839 0.367 0.32 0.201
0 0.513 0.329 0.357 0.171
1 0.733 0.228 0.271 0.116
1 0.441 0.226 0.254 0.113
1 0.169 0.257 0.294 0.135
1 0.561 0.139 0.235 0.1
1 0.279 0.146 0.273 0.105
1 0.026 0.112 0.049 0.101
1 0.429 0.061 0.173 0.119
1 0.32 0.041 0.477 0.08
