2 0.616 0.914 0.269 0.168
2 0.857 0.596 0.132 0.172
2 0.667 0.647 0.163 0.133
2 0.32 0.774 0.153 0.239
2 0.085 0.68 0.171 0.241
2 0.162 0.879 0.127 0.161
2 0.499 0.495 0.262 0.204
2 0.558 0.319 0.119 0.083
1 0.956 0.91 0.087 0.177
0 0.775 0.901 0.234 0.103
1 0.647 0.883 0.488 0.23
1 0.354 0.857 0.232 0.23
1 0.385 0.756 0.095 0.159
1 0.129 0.679 0.259 0.299
0 0.217 0.652 0.17 0.087
0 0.081 0.774 0.116 0.189
1 0.774 0.648 0.086 0.096
1 0.548 0.327 0.188 0.131
0 0.417 0.35 0.067 0.149
1 0.147 0.442 0.137 0.115
1 0.179 0.468 0.184 0.115
