2 0.33 0.881 0.344 0.234
2 0.079 0.733 0.15 0.211
2 0.645 0.477 0.468 0.232
2 0.878 0.357 0.2 0.13
2 0.577 0.275 0.385 0.152
2 0.216 0.337 0.391 0.15
2 0.382 0.158 0.188 0.072
1 0.826 0.827 0.283 0.191
1 0.805 0.64 0.346 0.252
1 0.309 0.778 0.609 0.442
1 0.658 0.487 0.619 0.269
1 0.61 0.283 0.496 0.166
1 0.233 0.343 0.453 0.193
1 0.697 0.223 0.298 0.097
0 0.691 0.127 0.087 0.105
1 0.566 0.146 0.14 0.068
1 0.462 0.146 0.166 0.219
1 0.361 0.171 0.241 0.066
1 0.101 0.25 0.126 0.051
1 0.065 0.18 0.121 0.082
