2 0.438 0.801 0.236 0.328
2 0.712 0.786 0.196 0.276
2 0.807 0.571 0.154 0.181
2 0.692 0.431 0.102 0.118
2 0.557 0.55 0.065 0.09
2 0.255 0.628 0.167 0.212
2 0.168 0.438 0.188 0.151
2 0.807 0.275 0.144 0.127
2 0.669 0.238 0.113 0.111
2 0.561 0.319 0.167 0.137
2 0.384 0.286 0.116 0.106
2 0.217 0.274 0.114 0.101
2 0.324 0.19 0.123 0.106
2 0.456 0.186 0.098 0.104
2 0.562 0.166 0.085 0.099
2 0.415 0.044 0.081 0.061
1 0.985 0.569 0.027 0.125
1 0.981 0.42 0.036 0.108
1 0.957 0.465 0.073 0.097
1 0.943 0.398 0.111 0.028
1 0.894 0.48 0.074 0.095
1 0.946 0.332 0.105 0.125
1 0.725 0.784 0.247 0.342
1 0.438 0.784 0.3 0.429
0 0.529 0.868 0.2 0.26
1 0.812 0.569 0.203 0.238
1 0.691 0.441 0.129 0.153
1 0.581 0.534 0.148 0.155
1 0.393 0.462 0.165 0.181
1 0.251 0.635 0.217 0.281
1 0.171 0.434 0.267 0.191
1 0.051 0.357 0.097 0.123
1 0.562 0.345 0.193 0.231
0 0.679 0.339 0.184 0.071
1 0.8 0.303 0.166 0.2
1 0.664 0.241 0.148 0.156
1 0.812 0.204 0.068 0.054
1 0.812 0.179 0.041 0.066
0 0.772 0.147 0.033 0.082
1 0.718 0.105 0.052 0.078
1 0.734 0.086 0.13 0.036
1 0.643 0.092 0.051 0.073
1 0.609 0.126 0.032 0.04
1 0.568 0.158 0.111 0.139
1 0.489 0.048 0.046 0.054
1 0.412 0.064 0.107 0.118
1 0.321 0.194 0.16 0.134
1 0.384 0.29 0.141 0.139
0 0.212 0.275 0.15 0.151
1 0.097 0.265 0.113 0.099
1 0.051 0.754 0.1 0.168
