2 0.272 0.902 0.534 0.194
2 0.566 0.753 0.286 0.3
2 0.77 0.576 0.19 0.095
2 0.695 0.438 0.158 0.145
2 0.199 0.509 0.181 0.136
2 0.184 0.356 0.208 0.116
2 0.328 0.224 0.2 0.208
2 0.485 0.204 0.191 0.135
2 0.29 0.049 0.145 0.099
1 0.34 0.851 0.681 0.295
1 0.572 0.76 0.381 0.36
1 0.86 0.682 0.18 0.143
1 0.851 0.656 0.278 0.136
1 0.672 0.569 0.097 0.134
1 0.702 0.436 0.223 0.193
1 0.547 0.319 0.128 0.095
1 0.488 0.451 0.311 0.24
1 0.212 0.51 0.248 0.168
1 0.047 0.336 0.092 0.164
1 0.098 0.306 0.193 0.036
1 0.475 0.201 0.241 0.171
1 0.579 0.208 0.063 0.061
1 0.304 0.226 0.265 0.219
1 0.114 0.152 0.115 0.074
1 0.298 0.056 0.166 0.11
