2 0.496 0.489 0.25 0.189
2 0.823 0.693 0.113 0.142
2 0.769 0.425 0.133 0.087
2 0.255 0.318 0.103 0.103
2 0.34 0.609 0.076 0.105
1 0.689 0.817 0.208 0.363
1 0.561 0.742 0.09 0.118
1 0.971 0.703 0.036 0.156
1 0.867 0.699 0.238 0.182
1 0.742 0.548 0.117 0.132
1 0.768 0.434 0.174 0.12
1 0.628 0.349 0.095 0.099
1 0.618 0.313 0.024 0.095
1 0.558 0.333 0.056 0.094
1 0.493 0.488 0.343 0.319
1 0.14 0.794 0.258 0.133
1 0.183 0.792 0.248 0.414
1 0.355 0.87 0.117 0.258
1 0.077 0.428 0.153 0.297
1 0.177 0.631 0.354 0.137
1 0.3 0.299 0.126 0.148
1 0.109 0.316 0.132 0.191
1 0.173 0.288 0.13 0.121
1 0.183 0.322 0.267 0.15
1 0.733 0.068 0.073 0.125
