2 0.715 0.831 0.287 0.335
2 0.875 0.602 0.244 0.245
2 0.395 0.83 0.355 0.337
2 0.555 0.599 0.271 0.323
2 0.839 0.315 0.212 0.211
2 0.9 0.146 0.127 0.096
2 0.62 0.456 0.2 0.181
2 0.637 0.264 0.208 0.19
2 0.335 0.516 0.276 0.281
2 0.092 0.542 0.185 0.219
2 0.21 0.383 0.253 0.267
2 0.415 0.233 0.192 0.195
2 0.477 0.101 0.156 0.137
2 0.299 0.178 0.173 0.143
2 0.147 0.266 0.201 0.15
1 0.712 0.82 0.317 0.357
1 0.385 0.842 0.311 0.312
1 0.861 0.603 0.275 0.339
1 0.613 0.455 0.248 0.215
1 0.965 0.266 0.068 0.15
1 0.89 0.161 0.116 0.117
1 0.83 0.071 0.117 0.121
1 0.636 0.266 0.229 0.216
1 0.637 0.154 0.188 0.095
1 0.412 0.258 0.215 0.217
1 0.302 0.176 0.199 0.167
1 0.209 0.384 0.268 0.271
1 0.102 0.537 0.202 0.264
1 0.7 0.064 0.063 0.128
0 0.628 0.063 0.078 0.082
1 0.596 0.05 0.104 0.1
1 0.391 0.027 0.096 0.053
0 0.264 0.057 0.091 0.115
1 0.128 0.126 0.114 0.118
0 0.047 0.196 0.095 0.189
