2 0.793 0.627 0.206 0.224
2 0.512 0.725 0.248 0.251
2 0.329 0.553 0.202 0.216
2 0.081 0.927 0.13 0.141
2 0.522 0.417 0.192 0.157
2 0.756 0.409 0.2 0.152
2 0.599 0.276 0.142 0.109
1 0.931 0.933 0.13 0.123
1 0.944 0.499 0.104 0.075
1 0.94 0.699 0.112 0.432
1 0.807 0.645 0.29 0.293
1 0.509 0.717 0.334 0.309
1 0.775 0.413 0.258 0.181
1 0.887 0.352 0.114 0.101
0 0.815 0.237 0.154 0.144
1 0.523 0.412 0.274 0.285
0 0.527 0.3 0.07 0.307
1 0.603 0.26 0.21 0.147
1 0.561 0.137 0.078 0.12
1 0.574 0.143 0.08 0.077
1 0.44 0.215 0.116 0.157
1 0.389 0.175 0.078 0.088
1 0.289 0.191 0.086 0.083
1 0.282 0.239 0.14 0.099
1 0.249 0.225 0.178 0.083
1 0.305 0.36 0.206 0.187
1 0.112 0.38 0.128 0.12
0 0.307 0.544 0.266 0.277
2 0.209 0.887 0.122 0.216
1 0.157 0.876 0.038 0.243
1 0.079 0.912 0.15 0.165
1 0.101 0.747 0.094 0.123
1 0.066 0.66 0.132 0.184
1 0.111 0.515 0.106 0.107
1 0.061 0.503 0.122 0.136
1 0.764 0.959 0.196 0.072
1 0.842 0.927 0.028 0.136
