2 0.512 0.908 0.149 0.181
2 0.591 0.668 0.097 0.103
2 0.276 0.594 0.295 0.272
2 0.424 0.402 0.085 0.17
2 0.777 0.353 0.105 0.059
0 0.782 0.822 0.218 0.353
1 0.512 0.885 0.23 0.228
1 0.428 0.942 0.104 0.113
1 0.337 0.944 0.119 0.11
0 0.778 0.619 0.233 0.085
1 0.7 0.634 0.338 0.364
1 0.858 0.49 0.152 0.191
1 0.76 0.45 0.076 0.079
1 0.52 0.406 0.122 0.138
1 0.421 0.426 0.378 0.318
1 0.273 0.603 0.335 0.362
1 0.056 0.581 0.113 0.164
1 0.12 0.456 0.122 0.117
1 0.068 0.536 0.137 0.179
0 0.025 0.811 0.05 0.232
0 0.181 0.366 0.199 0.031
1 0.814 0.314 0.371 0.046
1 0.531 0.283 0.103 0.106
1 0.499 0.275 0.104 0.059
1 0.546 0.191 0.037 0.062
1 0.536 0.23 0.122 0.082
0 0.495 0.221 0.154 0.047
1 0.381 0.174 0.061 0.349
1 0.627 0.172 0.081 0.125
0 0.763 0.11 0.078 0.193
