2 0.705 0.607 0.275 0.382
2 0.566 0.934 0.173 0.129
2 0.375 0.972 0.109 0.053
2 0.126 0.852 0.253 0.294
2 0.4 0.545 0.216 0.29
2 0.535 0.222 0.188 0.218
2 0.728 0.257 0.12 0.124
2 0.331 0.285 0.087 0.121
2 0.107 0.432 0.214 0.31
1 0.608 0.908 0.312 0.181
1 0.367 0.952 0.162 0.092
1 0.157 0.792 0.314 0.413
1 0.327 0.844 0.051 0.163
1 0.57 0.875 0.203 0.247
1 0.907 0.421 0.178 0.303
1 0.708 0.61 0.34 0.503
1 0.392 0.544 0.321 0.398
0 0.213 0.515 0.25 0.337
0 0.12 0.404 0.24 0.424
1 0.731 0.271 0.147 0.19
1 0.793 0.244 0.128 0.139
1 0.535 0.22 0.223 0.256
1 0.403 0.076 0.145 0.152
