2 0.698 0.85 0.32 0.298
2 0.849 0.543 0.3 0.331
2 0.807 0.261 0.202 0.147
2 0.667 0.152 0.239 0.213
2 0.547 0.285 0.234 0.269
2 0.54 0.168 0.185 0.137
2 0.435 0.066 0.19 0.103
2 0.431 0.336 0.248 0.222
2 0.2 0.143 0.276 0.178
2 0.134 0.364 0.269 0.334
2 0.274 0.758 0.388 0.481
1 0.702 0.821 0.396 0.355
0 0.84 0.562 0.317 0.481
0 0.31 0.72 0.618 0.558
1 0.955 0.241 0.081 0.108
1 0.807 0.25 0.242 0.169
1 0.844 0.157 0.081 0.038
1 0.559 0.26 0.247 0.327
0 0.448 0.317 0.321 0.411
1 0.146 0.363 0.293 0.362
0 0.201 0.175 0.336 0.274
0 0.93 0.168 0.069 0.126
0 0.763 0.066 0.053 0.102
1 0.781 0.046 0.168 0.039
1 0.753 0.038 0.118 0.076
1 0.599 0.076 0.178 0.092
1 0.426 0.076 0.236 0.151
1 0.209 0.02 0.067 0.039
1 0.195 0.031 0.126 0.046
0 0.042 0.106 0.057 0.078
0 0.61 0.571 0.23 0.207
