2 0.514 0.872 0.246 0.131
2 0.825 0.717 0.327 0.275
2 0.713 0.432 0.348 0.129
2 0.947 0.498 0.088 0.059
2 0.623 0.31 0.244 0.058
2 0.48 0.175 0.251 0.146
2 0.227 0.314 0.454 0.178
2 0.322 0.502 0.219 0.172
1 0.634 0.889 0.483 0.128
1 0.525 0.862 0.314 0.223
1 0.277 0.923 0.223 0.147
0 0.8 0.776 0.386 0.311
1 0.817 0.65 0.357 0.4
1 0.314 0.637 0.628 0.398
1 0.942 0.364 0.084 0.083
1 0.931 0.421 0.106 0.097
0 0.717 0.429 0.427 0.195
1 0.1 0.445 0.201 0.138
1 0.818 0.323 0.106 0.073
1 0.825 0.271 0.102 0.043
1 0.753 0.228 0.124 0.061
1 0.59 0.195 0.21 0.022
1 0.622 0.21 0.133 0.051
0 0.617 0.303 0.368 0.146
0 0.277 0.337 0.377 0.143
1 0.03 0.339 0.061 0.089
1 0.372 0.221 0.086 0.076
1 0.094 0.189 0.133 0.055
1 0.335 0.163 0.165 0.049
1 0.315 0.129 0.079 0.046
1 0.272 0.158 0.12 0.052
1 0.182 0.172 0.088 0.056
0 0.602 0.145 0.07 0.073
0 0.143 0.129 0.084 0.071
1 0.055 0.132 0.088 0.058
