2 0.86 0.708 0.213 0.306
2 0.66 0.727 0.311 0.537
2 0.424 0.71 0.146 0.347
2 0.218 0.785 0.222 0.344
2 0.367 0.446 0.261 0.309
2 0.666 0.491 0.188 0.192
2 0.908 0.456 0.176 0.233
2 0.789 0.313 0.176 0.251
2 0.579 0.305 0.17 0.281
2 0.368 0.192 0.138 0.197
2 0.159 0.486 0.15 0.248
2 0.208 0.252 0.116 0.165
2 0.145 0.238 0.129 0.208
2 0.613 0.158 0.133 0.099
1 0.972 0.919 0.049 0.157
1 0.915 0.908 0.103 0.175
1 0.856 0.72 0.23 0.347
1 0.618 0.716 0.306 0.537
1 0.385 0.927 0.259 0.137
1 0.426 0.747 0.166 0.258
1 0.22 0.796 0.249 0.362
1 0.708 0.472 0.126 0.2
1 0.461 0.386 0.161 0.246
1 0.324 0.492 0.232 0.271
1 0.165 0.49 0.175 0.281
1 0.904 0.456 0.188 0.268
1 0.794 0.324 0.22 0.258
1 0.588 0.263 0.205 0.208
1 0.603 0.17 0.188 0.122
1 0.376 0.204 0.166 0.2
1 0.225 0.235 0.205 0.208
1 0.104 0.208 0.067 0.101
1 0.925 0.157 0.113 0.152
0 0.963 0.311 0.067 0.101
1 0.872 0.057 0.067 0.114
1 0.361 0.048 0.106 0.096
0 0.259 0.077 0.074 0.119
1 0.181 0.076 0.069 0.122
1 0.031 0.768 0.062 0.21
1 0.01 0.611 0.02 0.114
1 0.034 0.516 0.069 0.187
1 0.032 0.375 0.064 0.157
1 0.039 0.273 0.077 0.157
