2 0.736 0.489 0.171 0.131
2 0.724 0.341 0.125 0.139
2 0.543 0.413 0.133 0.064
2 0.356 0.327 0.145 0.163
2 0.266 0.24 0.042 0.048
1 0.145 0.839 0.149 0.312
1 0.699 0.644 0.171 0.248
1 0.526 0.788 0.182 0.28
1 0.162 0.608 0.169 0.24
1 0.087 0.411 0.151 0.203
1 0.857 0.38 0.149 0.195
1 0.644 0.204 0.123 0.157
1 0.519 0.173 0.11 0.139
1 0.408 0.223 0.116 0.168
1 0.744 0.488 0.214 0.16
1 0.497 0.608 0.239 0.187
1 0.334 0.5 0.219 0.184
1 0.709 0.344 0.151 0.139
1 0.54 0.397 0.243 0.229
0 0.474 0.407 0.215 0.067
1 0.335 0.341 0.184 0.133
1 0.545 0.261 0.173 0.08
0 0.149 0.247 0.173 0.168
1 0.565 0.78 0.177 0.035
1 0.75 0.556 0.155 0.184
1 0.844 0.229 0.157 0.069
1 0.682 0.125 0.061 0.128
1 0.551 0.097 0.063 0.131
1 0.314 0.652 0.227 0.173
1 0.064 0.304 0.022 0.187
