2 0.924 0.52 0.146 0.127
2 0.903 0.327 0.122 0.08
2 0.896 0.251 0.058 0.054
2 0.835 0.131 0.081 0.074
2 0.751 0.513 0.156 0.124
2 0.438 0.55 0.162 0.169
2 0.492 0.866 0.04 0.081
2 0.255 0.602 0.056 0.073
2 0.265 0.507 0.066 0.081
1 0.516 0.728 0.148 0.433
1 0.495 0.789 0.265 0.359
1 0.317 0.827 0.162 0.276
1 0.198 0.946 0.132 0.105
1 0.919 0.508 0.16 0.188
1 0.744 0.533 0.196 0.243
1 0.91 0.342 0.174 0.142
1 0.902 0.248 0.103 0.073
1 0.866 0.191 0.097 0.066
1 0.839 0.142 0.087 0.065
0 0.666 0.416 0.196 0.21
1 0.43 0.538 0.299 0.308
1 0.244 0.58 0.271 0.343
1 0.675 0.247 0.203 0.241
1 0.51 0.272 0.133 0.118
1 0.418 0.371 0.1 0.095
1 0.323 0.392 0.054 0.118
1 0.241 0.398 0.099 0.122
