2 0.861 0.643 0.202 0.229
2 0.64 0.68 0.306 0.317
2 0.294 0.643 0.336 0.292
2 0.747 0.402 0.204 0.196
2 0.216 0.337 0.406 0.271
2 0.484 0.223 0.286 0.231
2 0.276 0.029 0.164 0.057
0 0.871 0.904 0.255 0.19
2 0.584 0.921 0.264 0.155
0 0.586 0.798 0.211 0.384
1 0.63 0.677 0.353 0.346
1 0.869 0.645 0.259 0.273
1 0.285 0.658 0.397 0.312
1 0.948 0.485 0.102 0.121
1 0.77 0.393 0.306 0.256
1 0.847 0.315 0.134 0.117
1 0.467 0.238 0.302 0.233
1 0.226 0.331 0.452 0.313
1 0.273 0.041 0.268 0.082
1 0.75 0.069 0.094 0.114
1 0.701 0.14 0.292 0.242
