2 0.756 0.687 0.289 0.497
2 0.859 0.517 0.198 0.139
2 0.877 0.348 0.13 0.091
2 0.968 0.267 0.05 0.038
2 0.844 0.209 0.113 0.123
2 0.773 0.103 0.039 0.062
2 0.716 0.262 0.148 0.122
2 0.732 0.402 0.077 0.062
2 0.594 0.578 0.217 0.208
2 0.462 0.806 0.176 0.208
2 0.297 0.732 0.141 0.183
2 0.19 0.628 0.199 0.24
2 0.593 0.413 0.17 0.132
2 0.586 0.305 0.111 0.122
2 0.48 0.311 0.122 0.151
2 0.564 0.101 0.066 0.072
2 0.493 0.097 0.064 0.037
2 0.379 0.162 0.141 0.097
2 0.287 0.105 0.128 0.082
2 0.374 0.272 0.156 0.14
2 0.21 0.225 0.075 0.078
2 0.27 0.311 0.148 0.094
2 0.368 0.423 0.173 0.152
2 0.4 0.495 0.205 0.136
2 0.17 0.423 0.176 0.113
2 0.041 0.372 0.082 0.103
2 0.044 0.511 0.078 0.07
0 0.926 0.828 0.103 0.136
1 0.96 0.756 0.077 0.163
1 0.573 0.935 0.167 0.125
1 0.393 0.965 0.193 0.065
1 0.394 0.897 0.033 0.201
0 0.285 0.918 0.096 0.14
1 0.254 0.906 0.106 0.095
0 0.541 0.807 0.073 0.147
0 0.558 0.724 0.08 0.118
1 0.487 0.806 0.242 0.293
1 0.316 0.739 0.234 0.265
0 0.162 0.726 0.081 0.125
1 0.135 0.815 0.266 0.29
1 0.091 0.838 0.163 0.177
1 0.056 0.726 0.112 0.208
1 0.781 0.722 0.277 0.479
1 0.856 0.513 0.215 0.191
1 0.587 0.569 0.262 0.242
1 0.202 0.592 0.213 0.212
1 0.061 0.542 0.122 0.168
1 0.094 0.526 0.189 0.081
1 0.983 0.399 0.03 0.098
1 0.956 0.406 0.083 0.028
1 0.882 0.353 0.193 0.155
1 0.736 0.396 0.101 0.103
1 0.595 0.408 0.199 0.156
1 0.615 0.3 0.192 0.155
1 0.481 0.282 0.144 0.106
1 0.219 0.33 0.208 0.148
1 0.955 0.242 0.085 0.109
1 0.839 0.216 0.155 0.125
1 0.934 0.169 0.118 0.065
1 0.711 0.253 0.213 0.177
1 0.223 0.217 0.158 0.139
0 0.828 0.114 0.049 0.079
1 0.739 0.148 0.085 0.058
1 0.74 0.101 0.115 0.077
1 0.718 0.078 0.03 0.072
1 0.674 0.07 0.054 0.052
1 0.651 0.09 0.012 0.061
1 0.62 0.167 0.153 0.135
1 0.554 0.097 0.109 0.101
1 0.621 0.076 0.032 0.049
1 0.629 0.023 0.066 0.046
1 0.493 0.149 0.097 0.181
1 0.375 0.146 0.149 0.144
1 0.176 0.156 0.092 0.069
1 0.323 0.062 0.079 0.06
1 0.335 0.058 0.158 0.038
0 0.124 0.297 0.058 0.085
1 0.139 0.415 0.14 0.142
1 0.05 0.389 0.099 0.13
