2 0.637 0.874 0.405 0.25
2 0.898 0.677 0.202 0.194
2 0.805 0.343 0.209 0.099
2 0.834 0.223 0.082 0.062
2 0.504 0.351 0.184 0.121
2 0.457 0.266 0.158 0.084
2 0.318 0.605 0.238 0.179
2 0.301 0.327 0.064 0.065
2 0.114 0.437 0.201 0.096
0 0.931 0.634 0.136 0.17
1 0.828 0.82 0.188 0.358
1 0.679 0.821 0.526 0.356
0 0.313 0.573 0.381 0.282
0 0.14 0.393 0.256 0.246
0 0.825 0.331 0.259 0.202
1 0.927 0.223 0.094 0.07
1 0.763 0.204 0.102 0.032
0 0.59 0.219 0.058 0.105
1 0.585 0.184 0.036 0.089
1 0.554 0.166 0.071 0.059
1 0.46 0.18 0.073 0.063
0 0.456 0.189 0.042 0.057
1 0.484 0.361 0.221 0.166
1 0.356 0.214 0.078 0.082
0 0.453 0.273 0.177 0.097
1 0.267 0.323 0.193 0.146
1 0.275 0.218 0.062 0.045
0 0.648 0.24 0.11 0.48
1 0.87 0.641 0.258 0.408
