2 0.687 0.788 0.37 0.419
2 0.893 0.482 0.213 0.184
2 0.617 0.371 0.283 0.247
2 0.208 0.752 0.417 0.493
2 0.314 0.309 0.308 0.3
1 0.954 0.841 0.091 0.314
1 0.677 0.749 0.442 0.497
1 0.224 0.741 0.448 0.514
1 0.876 0.496 0.245 0.417
1 0.621 0.375 0.288 0.252
1 0.658 0.234 0.138 0.111
0 0.914 0.234 0.061 0.149
1 0.67 0.267 0.158 0.14
1 0.549 0.193 0.094 0.122
1 0.317 0.355 0.315 0.291
1 0.092 0.227 0.128 0.153
1 0.056 0.159 0.047 0.101
1 0.116 0.433 0.108 0.199
1 0.053 0.418 0.019 0.308
1 0.063 0.378 0.127 0.199
