2 0.068 0.875 0.104 0.15
2 0.375 0.925 0.101 0.147
2 0.578 0.938 0.102 0.122
2 0.688 0.802 0.066 0.09
2 0.844 0.638 0.09 0.14
2 0.928 0.584 0.089 0.137
2 0.983 0.453 0.032 0.131
2 0.985 0.063 0.027 0.12
2 0.866 0.48 0.083 0.128
2 0.853 0.356 0.086 0.128
2 0.797 0.251 0.084 0.134
2 0.8 0.119 0.081 0.125
2 0.757 0.048 0.086 0.093
2 0.608 0.292 0.081 0.134
2 0.585 0.143 0.075 0.106
2 0.373 0.131 0.083 0.111
2 0.158 0.047 0.098 0.091
2 0.245 0.168 0.089 0.132
2 0.329 0.225 0.091 0.149
2 0.202 0.309 0.113 0.179
2 0.281 0.492 0.088 0.147
2 0.397 0.549 0.1 0.152
2 0.519 0.497 0.094 0.152
2 0.486 0.67 0.081 0.131
2 0.278 0.742 0.106 0.166
2 0.206 0.643 0.094 0.161
2 0.2 0.503 0.085 0.131
2 0.031 0.488 0.062 0.14
2 0.562 0.011 0.054 0.023
