2 0.593 0.934 0.157 0.129
2 0.832 0.838 0.116 0.113
2 0.901 0.673 0.195 0.242
2 0.892 0.45 0.189 0.165
2 0.751 0.595 0.205 0.206
2 0.792 0.339 0.06 0.087
2 0.657 0.325 0.234 0.155
2 0.652 0.208 0.164 0.122
2 0.498 0.241 0.125 0.083
2 0.442 0.149 0.096 0.079
2 0.338 0.227 0.146 0.076
2 0.305 0.32 0.176 0.112
2 0.494 0.458 0.3 0.216
2 0.457 0.905 0.158 0.188
2 0.288 0.768 0.332 0.37
2 0.22 0.512 0.18 0.155
2 0.086 0.544 0.165 0.195
2 0.109 0.367 0.158 0.083
2 0.156 0.272 0.148 0.096
2 0.086 0.441 0.132 0.061
2 0.728 0.44 0.12 0.07
1 0.888 0.936 0.209 0.126
1 0.617 0.915 0.272 0.165
1 0.956 0.885 0.082 0.22
1 0.884 0.693 0.229 0.28
1 0.281 0.778 0.383 0.405
1 0.036 0.799 0.072 0.211
1 0.754 0.589 0.251 0.258
1 0.888 0.458 0.211 0.168
0 0.485 0.465 0.369 0.341
1 0.211 0.497 0.22 0.202
1 0.104 0.538 0.207 0.233
1 0.787 0.326 0.106 0.103
1 0.73 0.346 0.142 0.141
1 0.298 0.322 0.224 0.155
1 0.878 0.288 0.051 0.086
1 0.795 0.242 0.089 0.083
1 0.649 0.228 0.18 0.102
1 0.496 0.244 0.144 0.1
1 0.43 0.266 0.097 0.062
1 0.324 0.22 0.198 0.076
1 0.129 0.28 0.188 0.096
1 0.606 0.141 0.075 0.051
1 0.531 0.15 0.073 0.052
1 0.441 0.166 0.121 0.077
1 0.354 0.147 0.076 0.07
1 0.273 0.154 0.08 0.059
1 0.27 0.145 0.024 0.069
1 0.205 0.17 0.12 0.035
1 0.211 0.19 0.09 0.073
2 0.121 0.204 0.097 0.07
1 0.64 0.767 0.272 0.359
1 0.552 0.633 0.107 0.076
1 0.978 0.408 0.038 0.104
0 0.906 0.314 0.092 0.135
