2 0.5 0.886 0.25 0.225
2 0.249 0.896 0.161 0.139
2 0.13 0.714 0.133 0.15
2 0.621 0.425 0.411 0.104
2 0.7 0.309 0.074 0.039
2 0.529 0.25 0.156 0.035
1 0.881 0.788 0.232 0.42
0 0.643 0.841 0.087 0.314
1 0.564 0.869 0.561 0.258
1 0.518 0.666 0.311 0.18
1 0.579 0.663 0.342 0.104
1 0.108 0.827 0.191 0.143
0 0.668 0.527 0.179 0.238
1 0.894 0.307 0.207 0.254
0 0.648 0.417 0.546 0.182
1 0.446 0.339 0.168 0.252
0 0.922 0.232 0.135 0.18
1 0.625 0.239 0.245 0.049
1 0.533 0.142 0.082 0.084
1 0.291 0.267 0.117 0.064
1 0.122 0.279 0.199 0.047
0 0.404 0.087 0.283 0.146
