2 0.803 0.622 0.12 0.167
2 0.53 0.756 0.238 0.297
2 0.588 0.386 0.131 0.095
2 0.492 0.326 0.072 0.143
2 0.346 0.446 0.134 0.166
2 0.12 0.803 0.074 0.323
1 0.959 0.883 0.08 0.232
1 0.711 0.946 0.14 0.105
1 0.717 0.948 0.026 0.101
1 0.523 0.726 0.44 0.546
1 0.179 0.8 0.358 0.398
0 0.947 0.467 0.104 0.216
1 0.931 0.404 0.087 0.117
1 0.9 0.311 0.1 0.125
1 0.796 0.61 0.229 0.51
1 0.565 0.325 0.214 0.249
1 0.324 0.44 0.288 0.353
1 0.732 0.255 0.098 0.173
1 0.625 0.133 0.101 0.121
1 0.506 0.086 0.182 0.173
1 0.346 0.176 0.098 0.089
1 0.226 0.164 0.059 0.246
1 0.691 0.176 0.082 0.202
