2 0.823 0.714 0.2 0.185
2 0.477 0.951 0.317 0.096
2 0.496 0.772 0.324 0.226
2 0.154 0.713 0.169 0.181
2 0.401 0.521 0.224 0.201
2 0.643 0.423 0.2 0.144
2 0.743 0.333 0.143 0.11
2 0.512 0.209 0.16 0.121
2 0.251 0.365 0.163 0.1
2 0.479 0.385 0.117 0.085
2 0.777 0.494 0.062 0.079
0 0.904 0.737 0.188 0.046
0 0.763 0.875 0.152 0.214
1 0.82 0.708 0.261 0.222
1 0.395 0.946 0.257 0.104
0 0.507 0.783 0.348 0.267
0 0.677 0.598 0.126 0.288
0 0.294 0.676 0.127 0.285
0 0.119 0.652 0.068 0.119
0 0.175 0.71 0.248 0.215
0 0.536 0.549 0.184 0.174
1 0.409 0.521 0.282 0.217
1 0.645 0.424 0.228 0.185
0 0.804 0.419 0.072 0.136
1 0.734 0.326 0.2 0.135
0 0.613 0.222 0.091 0.235
0 0.479 0.216 0.101 0.032
1 0.504 0.216 0.188 0.132
0 0.382 0.258 0.096 0.244
0 0.309 0.133 0.138 0.265
0 0.222 0.32 0.146 0.042
1 0.252 0.357 0.2 0.14
