2 0.883 0.643 0.085 0.245
2 0.824 0.449 0.104 0.187
2 0.944 0.418 0.109 0.195
2 0.555 0.77 0.189 0.408
2 0.671 0.497 0.218 0.211
2 0.666 0.28 0.18 0.124
2 0.673 0.145 0.094 0.063
2 0.548 0.114 0.115 0.087
2 0.447 0.48 0.197 0.197
2 0.452 0.284 0.167 0.121
2 0.421 0.138 0.074 0.082
2 0.33 0.195 0.091 0.084
2 0.31 0.1 0.087 0.105
2 0.28 0.349 0.133 0.113
2 0.255 0.588 0.15 0.224
2 0.11 0.612 0.121 0.155
2 0.133 0.299 0.188 0.176
2 0.04 0.479 0.079 0.158
0 0.986 0.646 0.026 0.329
1 0.554 0.801 0.231 0.392
1 0.565 0.703 0.251 0.2
1 0.358 0.749 0.085 0.287
0 0.937 0.374 0.125 0.279
1 0.826 0.451 0.127 0.308
1 0.78 0.572 0.098 0.155
1 0.673 0.509 0.241 0.303
1 0.443 0.491 0.215 0.292
1 0.26 0.593 0.175 0.271
1 0.091 0.691 0.183 0.334
1 0.083 0.692 0.163 0.405
1 0.958 0.17 0.082 0.213
1 0.807 0.192 0.096 0.247
1 0.667 0.262 0.196 0.187
1 0.451 0.262 0.184 0.171
1 0.276 0.354 0.164 0.261
1 0.13 0.312 0.229 0.345
1 0.679 0.114 0.133 0.129
1 0.539 0.124 0.132 0.184
1 0.414 0.117 0.119 0.124
0 0.244 0.133 0.05 0.208
1 0.14 0.099 0.054 0.113
1 0.645 0.093 0.062 0.145
