2 0.854 0.244 0.108 0.049
2 0.953 0.474 0.085 0.108
2 0.629 0.633 0.312 0.216
2 0.473 0.703 0.076 0.062
2 0.286 0.625 0.101 0.095
2 0.376 0.421 0.061 0.056
2 0.243 0.544 0.092 0.052
2 0.193 0.466 0.108 0.085
2 0.201 0.289 0.087 0.059
2 0.309 0.289 0.076 0.039
1 0.942 0.595 0.108 0.148
1 0.955 0.546 0.076 0.121
1 0.783 0.589 0.206 0.141
1 0.83 0.528 0.13 0.111
1 0.62 0.651 0.267 0.22
1 0.41 0.707 0.229 0.161
1 0.561 0.508 0.081 0.072
1 0.492 0.515 0.065 0.144
1 0.3 0.607 0.139 0.138
1 0.401 0.587 0.13 0.125
1 0.242 0.546 0.13 0.121
1 0.303 0.482 0.099 0.111
1 0.178 0.608 0.078 0.108
1 0.372 0.431 0.135 0.075
1 0.161 0.498 0.215 0.138
1 0.796 0.398 0.112 0.095
1 0.703 0.426 0.065 0.138
1 0.112 0.392 0.103 0.089
1 0.957 0.277 0.076 0.069
1 0.854 0.254 0.126 0.056
1 0.725 0.203 0.061 0.039
1 0.696 0.239 0.114 0.059
1 0.608 0.236 0.058 0.059
2 0.559 0.211 0.038 0.043
1 0.416 0.221 0.056 0.062
1 0.354 0.236 0.036 0.085
1 0.333 0.238 0.11 0.049
1 0.317 0.297 0.096 0.049
1 0.191 0.298 0.139 0.066
