2 0.706 0.681 0.154 0.198
2 0.392 0.76 0.183 0.258
2 0.432 0.501 0.348 0.193
2 0.542 0.301 0.271 0.159
2 0.56 0.068 0.164 0.085
2 0.312 0.379 0.157 0.137
2 0.157 0.776 0.154 0.208
2 0.689 0.531 0.119 0.092
1 0.765 0.778 0.271 0.219
0 0.591 0.863 0.48 0.272
1 0.366 0.748 0.295 0.356
1 0.125 0.776 0.239 0.446
1 0.82 0.63 0.357 0.065
1 0.828 0.534 0.341 0.09
1 0.866 0.507 0.265 0.247
1 0.869 0.329 0.215 0.147
1 0.901 0.294 0.167 0.131
0 0.674 0.392 0.191 0.183
0 0.414 0.487 0.466 0.236
0 0.078 0.537 0.155 0.126
1 0.16 0.442 0.176 0.138
1 0.147 0.451 0.205 0.025
0 0.741 0.258 0.116 0.105
1 0.556 0.286 0.338 0.205
1 0.166 0.346 0.121 0.086
1 0.348 0.252 0.249 0.142
0 0.732 0.073 0.137 0.146
0 0.546 0.062 0.253 0.125
0 0.317 0.166 0.121 0.082
1 0.363 0.113 0.092 0.072
1 0.391 0.028 0.075 0.056
