2 0.628 0.746 0.222 0.274
2 0.822 0.58 0.161 0.144
2 0.697 0.334 0.161 0.121
2 0.548 0.48 0.155 0.171
2 0.57 0.212 0.115 0.16
2 0.387 0.667 0.239 0.235
2 0.228 0.473 0.189 0.173
2 0.068 0.425 0.116 0.2
2 0.11 0.802 0.203 0.325
1 0.942 0.858 0.114 0.28
1 0.628 0.945 0.122 0.105
1 0.269 0.972 0.198 0.051
1 0.643 0.745 0.261 0.321
1 0.383 0.668 0.322 0.409
0 0.255 0.605 0.327 0.214
1 0.127 0.789 0.236 0.418
1 0.84 0.55 0.317 0.377
1 0.544 0.464 0.267 0.245
1 0.376 0.413 0.077 0.093
1 0.229 0.49 0.258 0.239
1 0.059 0.461 0.103 0.177
1 0.702 0.33 0.216 0.191
1 0.668 0.209 0.06 0.064
0 0.79 0.233 0.058 0.156
1 0.545 0.249 0.098 0.119
1 0.482 0.127 0.143 0.146
1 0.475 0.294 0.094 0.14
