2 0.782 0.941 0.207 0.116
2 0.335 0.763 0.651 0.473
2 0.749 0.607 0.298 0.279
2 0.885 0.447 0.228 0.227
2 0.446 0.39 0.288 0.346
2 0.647 0.216 0.276 0.246
2 0.77 0.131 0.148 0.104
2 0.471 0.04 0.208 0.08
1 0.758 0.923 0.254 0.152
1 0.342 0.752 0.682 0.493
1 0.958 0.65 0.082 0.154
2 0.964 0.655 0.07 0.103
1 0.758 0.606 0.301 0.319
0 0.863 0.432 0.207 0.247
1 0.925 0.404 0.147 0.188
1 0.448 0.392 0.328 0.377
0 0.659 0.208 0.357 0.285
0 0.916 0.291 0.165 0.092
1 0.874 0.265 0.111 0.097
1 0.764 0.126 0.182 0.147
0 0.43 0.097 0.266 0.115
1 0.451 0.058 0.264 0.115
1 0.292 0.102 0.204 0.137
1 0.096 0.069 0.189 0.098
