2 0.674 0.907 0.193 0.181
2 0.716 0.62 0.381 0.268
2 0.64 0.357 0.284 0.184
2 0.578 0.216 0.064 0.045
2 0.204 0.181 0.133 0.089
2 0.265 0.301 0.227 0.127
2 0.062 0.418 0.124 0.102
2 0.226 0.818 0.282 0.28
1 0.966 0.898 0.055 0.199
1 0.601 0.891 0.394 0.213
1 0.217 0.8 0.351 0.375
1 0.188 0.819 0.289 0.357
0 0.458 0.593 0.172 0.065
0 0.72 0.643 0.491 0.337
1 0.299 0.479 0.401 0.278
0 0.87 0.287 0.108 0.186
1 0.643 0.344 0.36 0.226
1 0.07 0.434 0.14 0.164
1 0.243 0.282 0.459 0.211
1 0.641 0.191 0.218 0.114
1 0.663 0.177 0.183 0.156
