2 0.749 0.954 0.084 0.079
2 0.502 0.853 0.041 0.062
2 0.587 0.972 0.067 0.053
2 0.472 0.95 0.053 0.079
2 0.385 0.979 0.11 0.038
2 0.211 0.903 0.113 0.114
2 0.315 0.242 0.07 0.07
2 0.647 0.448 0.114 0.132
1 0.936 0.93 0.121 0.113
1 0.951 0.702 0.089 0.148
1 0.596 0.924 0.149 0.149
1 0.598 0.885 0.069 0.227
1 0.845 0.68 0.118 0.151
1 0.844 0.626 0.062 0.175
1 0.779 0.763 0.145 0.187
1 0.785 0.737 0.231 0.292
1 0.638 0.64 0.105 0.157
1 0.38 0.746 0.146 0.192
1 0.858 0.518 0.105 0.129
1 0.796 0.426 0.109 0.131
1 0.827 0.4 0.107 0.085
1 0.796 0.328 0.218 0.044
1 0.81 0.294 0.119 0.079
1 0.761 0.305 0.181 0.169
1 0.651 0.434 0.155 0.174
1 0.489 0.409 0.182 0.221
1 0.482 0.479 0.199 0.145
1 0.345 0.588 0.135 0.154
1 0.223 0.563 0.119 0.149
1 0.123 0.515 0.121 0.148
1 0.088 0.605 0.088 0.084
1 0.321 0.442 0.116 0.139
1 0.2 0.425 0.121 0.128
1 0.23 0.423 0.252 0.094
1 0.312 0.421 0.238 0.129
1 0.272 0.345 0.103 0.081
1 0.361 0.343 0.072 0.056
1 0.419 0.323 0.152 0.131
1 0.581 0.255 0.176 0.16
1 0.435 0.214 0.086 0.084
0 0.315 0.243 0.214 0.081
0 0.274 0.228 0.238 0.189
1 0.161 0.139 0.049 0.107
1 0.696 0.214 0.084 0.065
1 0.61 0.17 0.086 0.073
1 0.625 0.156 0.162 0.038
1 0.504 0.174 0.085 0.087
1 0.423 0.15 0.077 0.059
1 0.341 0.129 0.062 0.085
1 0.342 0.152 0.083 0.055
1 0.391 0.099 0.05 0.082
1 0.207 0.832 0.1 0.114
