2 0.408 0.923 0.186 0.142
2 0.329 0.634 0.357 0.305
2 0.721 0.316 0.152 0.114
0 0.848 0.885 0.144 0.191
1 0.897 0.808 0.066 0.373
1 0.603 0.776 0.182 0.259
1 0.413 0.896 0.273 0.197
1 0.738 0.546 0.313 0.356
1 0.948 0.718 0.091 0.154
0 0.942 0.503 0.104 0.197
1 0.919 0.266 0.159 0.214
1 0.331 0.63 0.459 0.365
1 0.096 0.788 0.192 0.276
1 0.251 0.523 0.345 0.105
1 0.845 0.161 0.188 0.088
1 0.784 0.128 0.08 0.125
0 0.612 0.224 0.412 0.123
1 0.464 0.191 0.573 0.382
1 0.168 0.255 0.188 0.197
1 0.091 0.385 0.152 0.188
0 0.105 0.077 0.112 0.154
