2 0.881 0.949 0.157 0.099
2 0.567 0.892 0.325 0.213
2 0.873 0.694 0.082 0.063
2 0.52 0.559 0.45 0.351
2 0.876 0.288 0.139 0.116
2 0.499 0.29 0.23 0.073
2 0.475 0.073 0.468 0.147
2 0.098 0.123 0.155 0.14
2 0.044 0.307 0.089 0.138
1 0.881 0.945 0.189 0.107
1 0.564 0.886 0.382 0.225
1 0.158 0.864 0.23 0.174
1 0.12 0.9 0.214 0.193
1 0.839 0.757 0.282 0.233
1 0.911 0.425 0.168 0.135
1 0.89 0.387 0.089 0.157
1 0.872 0.291 0.18 0.143
1 0.527 0.563 0.668 0.475
1 0.107 0.551 0.214 0.271
1 0.048 0.305 0.095 0.16
1 0.502 0.244 0.314 0.204
1 0.268 0.251 0.164 0.182
1 0.095 0.124 0.173 0.165
1 0.11 0.03 0.125 0.06
1 0.477 0.072 0.518 0.143
0 0.435 0.389 0.066 0.237
1 0.911 0.444 0.168 0.131
