2 0.894 0.88 0.21 0.237
2 0.205 0.904 0.241 0.189
2 0.666 0.529 0.243 0.291
2 0.843 0.098 0.165 0.127
2 0.622 0.194 0.232 0.225
2 0.359 0.494 0.285 0.372
2 0.367 0.213 0.248 0.245
2 0.136 0.195 0.163 0.116
1 0.887 0.845 0.224 0.306
1 0.869 0.61 0.259 0.249
1 0.669 0.506 0.333 0.38
1 0.185 0.863 0.308 0.27
1 0.353 0.516 0.306 0.358
1 0.135 0.622 0.27 0.177
1 0.823 0.303 0.352 0.2
1 0.845 0.119 0.194 0.239
1 0.624 0.197 0.258 0.256
1 0.365 0.221 0.258 0.252
1 0.146 0.361 0.291 0.21
1 0.126 0.202 0.209 0.25
