2 0.689 0.726 0.619 0.545
2 0.137 0.779 0.271 0.439
2 0.159 0.128 0.315 0.132
2 0.519 0.242 0.369 0.161
2 0.945 0.198 0.107 0.117
2 0.746 0.171 0.175 0.11
2 0.708 0.068 0.123 0.084
2 0.55 0.05 0.135 0.062
2 0.458 0.083 0.104 0.045
1 0.68 0.687 0.639 0.623
1 0.194 0.68 0.389 0.638
2 0.866 0.39 0.266 0.172
1 0.836 0.386 0.326 0.271
0 0.707 0.302 0.311 0.193
1 0.531 0.251 0.437 0.303
1 0.906 0.191 0.186 0.196
1 0.752 0.183 0.235 0.135
1 0.718 0.067 0.195 0.101
1 0.772 0.035 0.056 0.059
1 0.518 0.054 0.284 0.109
0 0.196 0.175 0.391 0.347
