2 0.609 0.709 0.33 0.156
2 0.361 0.694 0.184 0.086
2 0.507 0.924 0.198 0.135
2 0.257 0.936 0.184 0.111
2 0.089 0.852 0.179 0.085
2 0.097 0.558 0.194 0.071
2 0.912 0.515 0.172 0.062
2 0.295 0.18 0.462 0.216
1 0.911 0.825 0.167 0.05
1 0.914 0.832 0.089 0.178
1 0.911 0.758 0.174 0.255
1 0.618 0.805 0.462 0.389
1 0.25 0.926 0.271 0.146
1 0.193 0.699 0.385 0.38
1 0.796 0.42 0.405 0.363
0 0.497 0.413 0.741 0.432
1 0.794 0.18 0.078 0.144
1 0.812 0.041 0.373 0.079
1 0.805 0.08 0.335 0.157
1 0.589 0.045 0.165 0.09
1 0.318 0.178 0.556 0.259
1 0.024 0.176 0.049 0.109
1 0.043 0.066 0.087 0.133
0 0.085 0.342 0.17 0.167
