2 0.785 0.783 0.428 0.432
2 0.802 0.419 0.394 0.324
2 0.635 0.156 0.256 0.208
2 0.468 0.496 0.329 0.32
2 0.37 0.264 0.216 0.194
2 0.103 0.144 0.137 0.096
2 0.151 0.673 0.301 0.326
2 0.076 0.432 0.149 0.109
1 0.355 0.837 0.154 0.324
1 0.775 0.794 0.448 0.409
1 0.155 0.673 0.31 0.357
1 0.036 0.954 0.071 0.09
0 0.809 0.417 0.38 0.362
1 0.877 0.072 0.244 0.032
1 0.467 0.512 0.395 0.326
1 0.082 0.421 0.164 0.199
1 0.353 0.266 0.324 0.244
1 0.176 0.207 0.094 0.027
1 0.066 0.233 0.133 0.172
0 0.099 0.041 0.105 0.08
1 0.642 0.164 0.306 0.215
