2 0.242 0.904 0.291 0.189
2 0.191 0.499 0.26 0.145
2 0.646 0.389 0.15 0.057
2 0.305 0.387 0.174 0.062
2 0.18 0.31 0.099 0.067
2 0.43 0.255 0.167 0.041
1 0.239 0.873 0.386 0.251
1 0.297 0.692 0.593 0.056
0 0.21 0.683 0.42 0.053
1 0.039 0.714 0.075 0.255
1 0.617 0.471 0.405 0.074
1 0.591 0.478 0.236 0.127
1 0.417 0.475 0.063 0.078
1 0.508 0.409 0.093 0.036
1 0.192 0.498 0.384 0.203
1 0.209 0.569 0.36 0.159
1 0.649 0.379 0.203 0.095
1 0.301 0.38 0.284 0.105
1 0.173 0.317 0.171 0.075
1 0.05 0.367 0.101 0.082
1 0.068 0.364 0.134 0.016
0 0.522 0.332 0.107 0.088
0 0.603 0.298 0.104 0.083
0 0.65 0.249 0.084 0.118
1 0.575 0.222 0.123 0.056
0 0.279 0.251 0.089 0.111
0 0.327 0.153 0.129 0.222
1 0.733 0.172 0.111 0.051
1 0.795 0.117 0.077 0.043
0 0.721 0.084 0.054 0.082
1 0.574 0.121 0.108 0.04
1 0.444 0.135 0.105 0.041
1 0.458 0.122 0.162 0.022
1 0.77 0.058 0.182 0.069
0 0.572 0.043 0.045 0.061
0 0.523 0.065 0.048 0.063
0 0.429 0.039 0.14 0.078
