2 0.119 0.933 0.03 0.04
2 0.1 0.985 0.025 0.025
2 0.576 0.736 0.032 0.043
2 0.352 0.736 0.104 0.152
2 0.248 0.777 0.104 0.115
2 0.149 0.747 0.141 0.137
2 0.083 0.618 0.118 0.095
2 0.262 0.643 0.143 0.138
2 0.455 0.634 0.126 0.109
2 0.619 0.641 0.105 0.103
2 0.367 0.559 0.113 0.103
2 0.495 0.509 0.097 0.06
2 0.49 0.424 0.104 0.082
2 0.288 0.52 0.073 0.056
2 0.186 0.529 0.116 0.103
2 0.109 0.488 0.114 0.099
2 0.328 0.462 0.104 0.068
2 0.411 0.395 0.069 0.07
2 0.317 0.387 0.084 0.07
2 0.219 0.417 0.074 0.073
2 0.097 0.421 0.023 0.021
1 0.39 0.935 0.102 0.125
1 0.385 0.905 0.113 0.138
0 0.325 0.959 0.042 0.077
1 0.14 0.935 0.061 0.125
1 0.117 0.953 0.102 0.089
0 0.083 0.896 0.054 0.076
0 0.523 0.843 0.038 0.074
0 0.48 0.818 0.051 0.142
0 0.426 0.802 0.049 0.174
1 0.358 0.742 0.108 0.177
0 0.244 0.774 0.119 0.139
1 0.113 0.755 0.146 0.227
0 0.513 0.703 0.042 0.169
0 0.58 0.749 0.087 0.061
1 0.595 0.726 0.1 0.118
1 0.577 0.73 0.084 0.092
1 0.619 0.64 0.119 0.121
1 0.448 0.638 0.188 0.188
1 0.367 0.562 0.121 0.124
1 0.265 0.646 0.195 0.167
1 0.083 0.641 0.166 0.188
1 0.487 0.509 0.146 0.078
0 0.647 0.566 0.031 0.056
1 0.614 0.516 0.104 0.033
1 0.606 0.533 0.072 0.065
1 0.614 0.515 0.104 0.033
0 0.624 0.532 0.074 0.025
1 0.33 0.464 0.136 0.07
0 0.284 0.526 0.092 0.089
1 0.178 0.535 0.143 0.139
1 0.112 0.484 0.166 0.122
1 0.018 0.502 0.035 0.056
0 0.575 0.469 0.026 0.092
1 0.569 0.432 0.061 0.051
0 0.582 0.42 0.053 0.043
1 0.488 0.423 0.11 0.092
1 0.411 0.39 0.092 0.09
1 0.315 0.393 0.107 0.086
1 0.215 0.415 0.1 0.095
1 0.098 0.42 0.065 0.048
0 0.451 0.342 0.024 0.04
0 0.385 0.339 0.024 0.053
1 0.245 0.357 0.057 0.047
1 0.25 0.339 0.056 0.056
0 0.199 0.345 0.027 0.047
0 0.148 0.334 0.048 0.137
1 0.055 0.37 0.067 0.105
0 0.75 0.281 0.028 0.108
0 0.471 0.195 0.019 0.048
0 0.766 0.541 0.062 0.165
