2 0.672 0.742 0.388 0.335
2 0.615 0.481 0.267 0.168
2 0.969 0.449 0.061 0.064
2 0.926 0.325 0.146 0.087
2 0.82 0.223 0.188 0.103
2 0.702 0.23 0.064 0.078
2 0.581 0.36 0.253 0.132
2 0.528 0.23 0.15 0.069
2 0.343 0.807 0.193 0.276
2 0.135 0.731 0.195 0.142
2 0.326 0.518 0.303 0.198
2 0.295 0.284 0.223 0.177
2 0.073 0.362 0.144 0.164
2 0.4 0.065 0.063 0.039
1 0.694 0.767 0.455 0.378
1 0.338 0.853 0.291 0.292
1 0.13 0.72 0.26 0.245
1 0.956 0.457 0.087 0.138
1 0.869 0.497 0.174 0.117
1 0.625 0.492 0.292 0.193
1 0.265 0.557 0.423 0.323
1 0.087 0.473 0.174 0.151
1 0.848 0.363 0.13 0.105
0 0.584 0.363 0.35 0.159
1 0.288 0.314 0.282 0.129
1 0.077 0.35 0.151 0.102
1 0.103 0.265 0.129 0.053
1 0.269 0.227 0.121 0.066
1 0.396 0.219 0.102 0.073
1 0.523 0.243 0.178 0.061
1 0.824 0.266 0.209 0.061
1 0.95 0.248 0.098 0.046
1 0.686 0.258 0.149 0.115
1 0.732 0.174 0.076 0.051
1 0.648 0.191 0.077 0.036
0 0.474 0.16 0.047 0.094
1 0.676 0.044 0.129 0.074
