2 0.61 0.885 0.234 0.199
2 0.921 0.606 0.155 0.296
2 0.915 0.837 0.166 0.278
2 0.334 0.904 0.25 0.189
2 0.08 0.875 0.157 0.247
2 0.087 0.582 0.174 0.225
2 0.476 0.455 0.494 0.366
2 0.739 0.178 0.137 0.116
2 0.525 0.099 0.15 0.136
2 0.865 0.134 0.095 0.046
1 0.634 0.918 0.277 0.16
1 0.337 0.908 0.287 0.182
1 0.16 0.925 0.057 0.147
1 0.125 0.861 0.153 0.196
1 0.843 0.668 0.185 0.283
1 0.913 0.587 0.172 0.316
1 0.909 0.363 0.156 0.15
0 0.091 0.63 0.182 0.268
0 0.732 0.725 0.315 0.363
0 0.742 0.509 0.467 0.159
1 0.462 0.467 0.831 0.571
1 0.942 0.197 0.113 0.205
1 0.861 0.142 0.125 0.102
1 0.708 0.141 0.077 0.084
1 0.64 0.132 0.09 0.17
1 0.182 0.232 0.114 0.116
1 0.421 0.14 0.148 0.08
0 0.072 0.134 0.143 0.269
1 0.776 0.094 0.125 0.08
1 0.77 0.049 0.17 0.093
1 0.624 0.046 0.111 0.066
1 0.5 0.04 0.126 0.066
1 0.382 0.057 0.114 0.087
1 0.381 0.063 0.044 0.126
