2 0.549 0.819 0.426 0.356
2 0.185 0.685 0.318 0.308
2 0.416 0.415 0.198 0.153
0 0.898 0.728 0.157 0.306
0 0.894 0.682 0.208 0.364
1 0.884 0.793 0.228 0.231
1 0.564 0.799 0.475 0.397
1 0.204 0.636 0.397 0.461
1 0.923 0.475 0.149 0.222
1 0.728 0.421 0.257 0.314
1 0.727 0.519 0.248 0.161
1 0.399 0.422 0.279 0.278
1 0.172 0.375 0.289 0.2
1 0.933 0.264 0.102 0.139
1 0.85 0.189 0.187 0.128
0 0.717 0.147 0.13 0.278
1 0.564 0.264 0.173 0.161
1 0.389 0.26 0.185 0.131
1 0.81 0.068 0.081 0.069
1 0.624 0.093 0.077 0.081
1 0.403 0.071 0.098 0.069
1 0.219 0.179 0.065 0.092
1 0.143 0.179 0.102 0.186
1 0.068 0.271 0.12 0.136
