2 0.488 0.798 0.203 0.195
2 0.778 0.59 0.188 0.095
2 0.825 0.304 0.324 0.192
2 0.957 0.156 0.084 0.099
2 0.708 0.118 0.261 0.076
2 0.39 0.275 0.504 0.286
2 0.14 0.594 0.276 0.324
2 0.144 0.189 0.288 0.154
1 0.837 0.864 0.322 0.27
1 0.793 0.786 0.145 0.426
1 0.507 0.801 0.331 0.268
0 0.69 0.562 0.618 0.387
1 0.813 0.326 0.372 0.215
1 0.173 0.595 0.343 0.436
1 0.362 0.301 0.613 0.28
1 0.934 0.154 0.128 0.129
1 0.714 0.116 0.366 0.181
1 0.16 0.189 0.319 0.192
0 0.464 0.048 0.104 0.096
0 0.295 0.059 0.088 0.118
0 0.206 0.055 0.093 0.11
0 0.078 0.049 0.096 0.096
1 0.072 0.329 0.145 0.046
