2 0.911 0.637 0.091 0.113
2 0.892 0.501 0.159 0.128
2 0.94 0.413 0.11 0.077
2 0.719 0.635 0.182 0.178
2 0.518 0.696 0.129 0.16
2 0.329 0.727 0.149 0.146
2 0.045 0.737 0.09 0.167
2 0.72 0.456 0.154 0.112
2 0.554 0.507 0.156 0.125
2 0.354 0.497 0.178 0.137
2 0.185 0.499 0.128 0.096
2 0.013 0.551 0.024 0.098
2 0.283 0.376 0.107 0.065
2 0.427 0.37 0.098 0.06
2 0.557 0.372 0.084 0.062
2 0.65 0.354 0.086 0.051
2 0.773 0.372 0.121 0.082
0 0.925 0.632 0.147 0.172
1 0.723 0.629 0.208 0.211
0 0.527 0.684 0.19 0.206
0 0.324 0.702 0.211 0.223
1 0.895 0.494 0.179 0.134
1 0.716 0.453 0.169 0.138
1 0.557 0.501 0.183 0.158
1 0.357 0.493 0.192 0.163
0 0.175 0.493 0.184 0.158
1 0.066 0.722 0.132 0.233
1 0.114 0.462 0.128 0.214
0 0.034 0.53 0.068 0.143
0 0.933 0.413 0.132 0.115
1 0.778 0.372 0.147 0.112
0 0.656 0.345 0.114 0.083
0 0.556 0.37 0.13 0.102
0 0.424 0.366 0.135 0.107
1 0.283 0.369 0.148 0.103
1 0.237 0.233 0.086 0.089
