2 0.689 0.923 0.136 0.148
2 0.196 0.945 0.2 0.106
2 0.387 0.839 0.191 0.216
2 0.409 0.711 0.301 0.251
2 0.275 0.573 0.108 0.09
2 0.76 0.601 0.278 0.211
2 0.922 0.435 0.122 0.085
2 0.868 0.318 0.104 0.068
2 0.642 0.417 0.071 0.06
2 0.615 0.295 0.186 0.173
2 0.365 0.234 0.094 0.045
1 0.698 0.898 0.209 0.193
1 0.707 0.921 0.431 0.153
0 0.191 0.888 0.278 0.214
1 0.681 0.74 0.139 0.148
0 0.384 0.773 0.409 0.399
1 0.141 0.682 0.268 0.249
1 0.765 0.611 0.344 0.307
1 0.478 0.494 0.268 0.173
0 0.484 0.523 0.36 0.256
1 0.195 0.546 0.216 0.204
1 0.22 0.428 0.021 0.224
1 0.195 0.422 0.146 0.131
1 0.922 0.437 0.146 0.131
1 0.865 0.319 0.134 0.116
0 0.934 0.21 0.099 0.143
1 0.601 0.284 0.313 0.206
1 0.368 0.234 0.12 0.106
1 0.58 0.144 0.162 0.093
0 0.758 0.104 0.122 0.209
