2 0.962 0.935 0.066 0.102
2 0.704 0.799 0.285 0.24
2 0.491 0.927 0.356 0.14
2 0.147 0.907 0.258 0.175
2 0.346 0.682 0.221 0.113
2 0.061 0.716 0.121 0.132
2 0.078 0.546 0.155 0.111
2 0.667 0.589 0.164 0.105
2 0.943 0.679 0.11 0.199
2 0.904 0.531 0.16 0.108
2 0.357 0.495 0.235 0.089
2 0.55 0.472 0.114 0.081
2 0.702 0.419 0.226 0.127
2 0.481 0.381 0.18 0.051
2 0.26 0.425 0.196 0.1
1 0.91 0.896 0.171 0.202
1 0.494 0.898 0.495 0.194
1 0.158 0.872 0.311 0.24
1 0.924 0.695 0.144 0.194
1 0.711 0.806 0.331 0.264
1 0.35 0.677 0.331 0.237
0 0.276 0.656 0.384 0.094
1 0.076 0.706 0.148 0.14
1 0.669 0.596 0.242 0.14
1 0.901 0.527 0.189 0.154
1 0.7 0.42 0.24 0.156
1 0.555 0.46 0.174 0.105
1 0.357 0.495 0.281 0.164
1 0.111 0.561 0.212 0.156
1 0.474 0.387 0.235 0.078
1 0.255 0.425 0.24 0.121
1 0.081 0.43 0.121 0.121
1 0.86 0.344 0.084 0.067
1 0.804 0.376 0.068 0.105
0 0.566 0.202 0.087 0.264
1 0.445 0.288 0.064 0.097
1 0.344 0.313 0.048 0.059
1 0.299 0.326 0.037 0.086
1 0.24 0.307 0.064 0.092
1 0.215 0.35 0.096 0.054
1 0.081 0.332 0.075 0.097
1 0.049 0.381 0.094 0.073
