2 0.761 0.62 0.195 0.247
2 0.93 0.621 0.139 0.13
2 0.703 0.266 0.117 0.167
2 0.438 0.273 0.332 0.181
2 0.124 0.254 0.247 0.283
1 0.92 0.601 0.155 0.219
1 0.667 0.644 0.458 0.295
1 0.376 0.819 0.244 0.311
1 0.303 0.819 0.306 0.155
1 0.135 0.868 0.268 0.253
1 0.374 0.753 0.273 0.491
1 0.954 0.452 0.088 0.05
1 0.895 0.442 0.121 0.116
1 0.901 0.368 0.094 0.097
0 0.781 0.406 0.104 0.226
1 0.747 0.304 0.201 0.184
0 0.446 0.318 0.458 0.403
1 0.106 0.105 0.164 0.089
1 0.113 0.365 0.226 0.109
0 0.592 0.116 0.056 0.125
