2 0.791 0.854 0.153 0.202
2 0.398 0.872 0.418 0.251
2 0.517 0.526 0.282 0.222
2 0.843 0.444 0.187 0.121
2 0.448 0.352 0.173 0.108
2 0.199 0.389 0.169 0.132
2 0.335 0.235 0.127 0.094
2 0.544 0.225 0.153 0.128
2 0.622 0.119 0.156 0.09
2 0.478 0.129 0.076 0.065
2 0.294 0.132 0.136 0.108
0 0.387 0.906 0.305 0.184
1 0.747 0.849 0.393 0.298
1 0.895 0.723 0.205 0.271
1 0.736 0.613 0.189 0.087
1 0.487 0.717 0.342 0.224
1 0.2 0.621 0.105 0.081
1 0.517 0.521 0.315 0.276
1 0.851 0.45 0.284 0.177
1 0.175 0.395 0.222 0.148
0 0.701 0.306 0.089 0.231
0 0.321 0.423 0.1 0.262
0 0.178 0.434 0.12 0.271
1 0.619 0.307 0.078 0.108
1 0.768 0.251 0.071 0.085
1 0.291 0.241 0.207 0.11
1 0.417 0.172 0.089 0.101
1 0.448 0.136 0.202 0.087
1 0.314 0.047 0.158 0.063
0 0.475 0.045 0.051 0.09
