2 0.902 0.503 0.086 0.027
2 0.838 0.585 0.066 0.036
2 0.885 0.606 0.062 0.051
2 0.799 0.632 0.059 0.027
2 0.696 0.636 0.039 0.048
2 0.588 0.575 0.12 0.062
2 0.463 0.503 0.121 0.036
2 0.355 0.499 0.071 0.041
2 0.541 0.472 0.096 0.026
2 0.641 0.517 0.052 0.022
2 0.808 0.44 0.084 0.029
2 0.759 0.465 0.094 0.03
2 0.619 0.451 0.12 0.025
2 0.398 0.4 0.096 0.03
2 0.205 0.585 0.054 0.051
2 0.193 0.545 0.089 0.039
2 0.566 0.657 0.049 0.026
1 0.893 0.661 0.066 0.071
1 0.814 0.622 0.089 0.09
1 0.817 0.635 0.096 0.068
1 0.806 0.686 0.086 0.046
1 0.68 0.679 0.051 0.056
1 0.562 0.656 0.148 0.129
1 0.465 0.671 0.072 0.09
1 0.516 0.595 0.126 0.069
0 0.425 0.614 0.059 0.129
0 0.343 0.63 0.062 0.127
1 0.268 0.59 0.088 0.059
1 0.245 0.582 0.143 0.033
1 0.137 0.593 0.103 0.065
1 0.16 0.523 0.057 0.065
1 0.065 0.555 0.096 0.056
1 0.067 0.541 0.135 0.054
0 0.193 0.478 0.059 0.135
0 0.088 0.486 0.059 0.082
0 0.028 0.513 0.056 0.08
0 0.156 0.422 0.039 0.114
1 0.044 0.45 0.054 0.064
0 0.741 0.642 0.074 0.129
0 0.65 0.648 0.064 0.096
1 0.894 0.559 0.101 0.056
1 0.791 0.565 0.061 0.056
0 0.682 0.553 0.057 0.148
1 0.585 0.574 0.143 0.062
1 0.793 0.541 0.101 0.055
0 0.728 0.536 0.049 0.088
1 0.908 0.502 0.126 0.046
1 0.797 0.501 0.109 0.043
1 0.678 0.477 0.133 0.042
0 0.633 0.529 0.084 0.071
1 0.548 0.483 0.13 0.074
0 0.463 0.513 0.158 0.085
1 0.352 0.504 0.084 0.049
0 0.301 0.415 0.049 0.169
1 0.241 0.435 0.067 0.068
0 0.174 0.378 0.039 0.043
0 0.22 0.401 0.039 0.064
0 0.27 0.365 0.032 0.068
1 0.825 0.413 0.044 0.039
0 0.769 0.407 0.071 0.036
1 0.769 0.378 0.039 0.054
1 0.718 0.428 0.103 0.039
1 0.651 0.422 0.045 0.03
1 0.593 0.427 0.106 0.029
0 0.62 0.384 0.039 0.062
0 0.468 0.433 0.138 0.077
0 0.361 0.435 0.082 0.045
1 0.561 0.391 0.052 0.029
0 0.515 0.36 0.037 0.114
0 0.479 0.37 0.032 0.059
1 0.38 0.368 0.037 0.033
0 0.392 0.339 0.024 0.03
1 0.216 0.648 0.194 0.062
