2 0.346 0.197 0.165 0.263
2 0.361 0.219 0.269 0.392
2 0.956 0.107 0.087 0.214
2 0.753 0.3 0.251 0.342
1 0.867 0.953 0.128 0.091
1 0.98 0.382 0.037 0.184
2 0.927 0.398 0.079 0.157
1 0.917 0.651 0.164 0.035
1 0.911 0.808 0.176 0.175
1 0.892 0.858 0.067 0.098
0 0.693 0.762 0.261 0.317
1 0.526 0.891 0.08 0.215
1 0.419 0.951 0.137 0.095
0 0.238 0.84 0.279 0.317
0 0.38 0.602 0.248 0.298
0 0.758 0.308 0.303 0.416
1 0.616 0.098 0.067 0.192
0 0.353 0.234 0.317 0.446
1 0.125 0.336 0.171 0.236
0 0.941 0.141 0.115 0.283
