2 0.849 0.26 0.208 0.201
2 0.733 0.602 0.285 0.286
2 0.674 0.143 0.052 0.076
2 0.522 0.236 0.175 0.1
2 0.468 0.088 0.218 0.15
2 0.19 0.291 0.306 0.206
2 0.396 0.669 0.416 0.654
1 0.54 0.855 0.082 0.288
1 0.437 0.751 0.295 0.192
1 0.702 0.618 0.248 0.285
0 0.933 0.421 0.127 0.337
1 0.74 0.396 0.133 0.189
1 0.843 0.276 0.303 0.283
1 0.669 0.154 0.163 0.109
1 0.557 0.225 0.314 0.243
1 0.512 0.37 0.217 0.132
1 0.208 0.255 0.415 0.393
1 0.115 0.682 0.228 0.461
0 0.052 0.499 0.103 0.366
1 0.796 0.069 0.131 0.133
1 0.576 0.064 0.133 0.122
1 0.619 0.053 0.076 0.098
