2 0.914 0.672 0.171 0.125
2 0.806 0.747 0.172 0.158
2 0.593 0.601 0.199 0.145
2 0.417 0.913 0.198 0.171
2 0.37 0.708 0.184 0.136
2 0.409 0.532 0.142 0.056
2 0.171 0.679 0.151 0.152
1 0.933 0.879 0.133 0.215
1 0.977 0.756 0.045 0.066
1 0.809 0.743 0.24 0.19
1 0.587 0.758 0.233 0.2
1 0.422 0.908 0.242 0.182
1 0.209 0.867 0.193 0.236
1 0.214 0.834 0.155 0.329
0 0.048 0.673 0.097 0.556
1 0.362 0.705 0.228 0.189
1 0.907 0.674 0.185 0.142
0 0.88 0.513 0.057 0.056
1 0.92 0.571 0.157 0.133
1 0.762 0.57 0.168 0.115
0 0.717 0.704 0.159 0.496
1 0.604 0.605 0.246 0.159
1 0.406 0.545 0.219 0.182
1 0.633 0.492 0.084 0.092
0 0.587 0.399 0.05 0.248
1 0.342 0.459 0.083 0.041
1 0.194 0.546 0.153 0.078
0 0.11 0.434 0.091 0.347
