2 0.517 0.785 0.239 0.119
2 0.832 0.644 0.332 0.246
2 0.953 0.454 0.089 0.052
2 0.722 0.395 0.339 0.118
2 0.635 0.283 0.248 0.057
2 0.459 0.165 0.168 0.131
2 0.233 0.287 0.452 0.152
2 0.33 0.454 0.214 0.15
1 0.83 0.594 0.332 0.367
0 0.809 0.701 0.377 0.281
1 0.655 0.802 0.464 0.113
1 0.535 0.777 0.316 0.201
1 0.284 0.842 0.223 0.159
1 0.327 0.575 0.627 0.367
1 0.942 0.381 0.111 0.09
1 0.955 0.334 0.082 0.07
0 0.725 0.389 0.423 0.171
1 0.108 0.405 0.202 0.122
1 0.835 0.299 0.111 0.068
1 0.841 0.25 0.1 0.037
0 0.627 0.28 0.373 0.136
1 0.766 0.208 0.123 0.048
1 0.633 0.195 0.13 0.049
1 0.6 0.183 0.214 0.019
0 0.614 0.136 0.073 0.066
0 0.282 0.311 0.377 0.123
1 0.037 0.311 0.066 0.078
1 0.381 0.206 0.084 0.07
1 0.347 0.175 0.075 0.057
1 0.344 0.152 0.166 0.048
1 0.277 0.152 0.127 0.05
1 0.328 0.122 0.075 0.04
1 0.19 0.162 0.093 0.052
0 0.149 0.126 0.075 0.069
1 0.101 0.177 0.143 0.044
1 0.059 0.126 0.091 0.052
