2 0.65 0.972 0.06 0.049
2 0.376 0.85 0.387 0.294
2 0.497 0.553 0.368 0.306
2 0.874 0.537 0.243 0.255
2 0.478 0.205 0.201 0.144
2 0.067 0.247 0.106 0.07
2 0.279 0.061 0.275 0.122
2 0.493 0.08 0.13 0.1
1 0.699 0.954 0.241 0.09
0 0.856 0.883 0.282 0.139
1 0.63 0.862 0.134 0.119
1 0.53 0.926 0.199 0.145
1 0.328 0.847 0.525 0.303
1 0.867 0.541 0.262 0.281
1 0.53 0.526 0.542 0.456
0 0.866 0.77 0.264 0.133
0 0.756 0.251 0.289 0.165
0 0.465 0.236 0.102 0.19
1 0.453 0.223 0.363 0.257
0 0.703 0.151 0.174 0.105
1 0.578 0.06 0.16 0.114
1 0.214 0.071 0.424 0.142
1 0.11 0.226 0.22 0.165
