2 0.817 0.867 0.181 0.166
2 0.911 0.704 0.077 0.068
2 0.977 0.81 0.043 0.109
2 0.602 0.792 0.161 0.157
2 0.682 0.634 0.315 0.241
2 0.756 0.516 0.152 0.138
2 0.555 0.433 0.266 0.187
2 0.329 0.691 0.371 0.29
2 0.23 0.374 0.339 0.199
2 0.34 0.215 0.306 0.183
2 0.605 0.236 0.081 0.065
2 0.406 0.117 0.216 0.133
2 0.117 0.169 0.077 0.069
2 0.077 0.498 0.152 0.107
2 0.926 0.37 0.066 0.069
1 0.719 0.927 0.293 0.145
1 0.956 0.808 0.085 0.15
1 0.679 0.647 0.27 0.237
1 0.329 0.694 0.408 0.315
1 0.775 0.503 0.206 0.175
1 0.523 0.432 0.203 0.183
1 0.25 0.375 0.341 0.217
1 0.037 0.308 0.074 0.145
1 0.585 0.239 0.116 0.107
1 0.314 0.208 0.27 0.169
1 0.402 0.136 0.216 0.118
1 0.679 0.122 0.176 0.222
1 0.257 0.064 0.102 0.129
1 0.082 0.042 0.161 0.084
1 0.12 0.222 0.237 0.103
