2 0.639 0.85 0.342 0.297
2 0.333 0.906 0.243 0.185
2 0.11 0.784 0.22 0.307
2 0.395 0.581 0.144 0.134
2 0.839 0.648 0.231 0.262
2 0.585 0.516 0.227 0.155
2 0.813 0.374 0.181 0.141
2 0.638 0.381 0.14 0.068
2 0.617 0.25 0.146 0.117
2 0.45 0.377 0.14 0.127
2 0.403 0.267 0.101 0.093
2 0.192 0.364 0.305 0.252
0 0.641 0.823 0.364 0.351
1 0.302 0.884 0.324 0.228
0 0.102 0.945 0.103 0.107
1 0.118 0.792 0.235 0.357
1 0.841 0.665 0.315 0.359
0 0.592 0.511 0.333 0.217
1 0.354 0.633 0.259 0.288
1 0.975 0.431 0.049 0.097
1 0.97 0.367 0.025 0.088
0 0.958 0.368 0.067 0.106
0 0.794 0.363 0.249 0.195
1 0.632 0.367 0.183 0.098
1 0.451 0.375 0.196 0.171
0 0.187 0.395 0.369 0.439
1 0.858 0.278 0.051 0.068
1 0.841 0.233 0.078 0.098
1 0.843 0.222 0.099 0.076
0 0.778 0.162 0.056 0.247
0 0.722 0.104 0.046 0.205
1 0.625 0.25 0.2 0.144
0 0.68 0.143 0.032 0.084
1 0.613 0.153 0.095 0.064
1 0.543 0.173 0.035 0.068
0 0.512 0.183 0.037 0.073
1 0.476 0.168 0.087 0.074
1 0.583 0.153 0.033 0.071
1 0.452 0.165 0.038 0.07
1 0.386 0.259 0.146 0.127
1 0.389 0.171 0.041 0.049
0 0.241 0.15 0.06 0.144
0 0.185 0.164 0.062 0.148
0 0.103 0.233 0.077 0.183
0 0.028 0.35 0.057 0.141
