2 0.901 0.943 0.196 0.111
2 0.37 0.712 0.282 0.211
2 0.556 0.438 0.096 0.069
2 0.147 0.525 0.122 0.105
2 0.556 0.829 0.088 0.055
1 0.826 0.829 0.154 0.125
1 0.809 0.827 0.06 0.301
1 0.808 0.801 0.156 0.173
1 0.84 0.883 0.318 0.232
1 0.727 0.745 0.146 0.177
1 0.642 0.911 0.234 0.176
1 0.618 0.703 0.095 0.167
1 0.554 0.575 0.154 0.087
1 0.37 0.725 0.338 0.341
1 0.502 0.44 0.061 0.049
1 0.499 0.383 0.124 0.169
1 0.427 0.516 0.074 0.1
1 0.438 0.478 0.133 0.12
1 0.337 0.528 0.104 0.082
1 0.151 0.459 0.127 0.066
1 0.161 0.531 0.145 0.139
1 0.075 0.644 0.136 0.126
1 0.032 0.643 0.063 0.035
1 0.026 0.558 0.052 0.132
1 0.066 0.532 0.043 0.046
0 0.176 0.348 0.072 0.202
1 0.068 0.861 0.134 0.275
1 0.105 0.701 0.211 0.112
