2 0.902 0.792 0.191 0.174
2 0.768 0.607 0.236 0.145
2 0.576 0.902 0.184 0.152
2 0.327 0.901 0.191 0.164
2 0.108 0.618 0.216 0.152
2 0.45 0.447 0.464 0.237
2 0.747 0.311 0.152 0.087
2 0.267 0.275 0.107 0.07
2 0.425 0.251 0.132 0.053
2 0.652 0.197 0.214 0.087
2 0.42 0.162 0.145 0.065
0 0.887 0.787 0.22 0.228
0 0.582 0.891 0.255 0.208
0 0.323 0.894 0.259 0.206
0 0.46 0.699 0.22 0.158
1 0.599 0.811 0.052 0.371
0 0.28 0.738 0.159 0.099
0 0.118 0.621 0.236 0.175
0 0.762 0.606 0.266 0.174
0 0.97 0.518 0.055 0.109
0 0.905 0.436 0.177 0.106
0 0.745 0.304 0.195 0.107
0 0.95 0.294 0.095 0.203
0 0.443 0.434 0.564 0.31
0 0.41 0.238 0.18 0.08
0 0.653 0.196 0.257 0.106
0 0.423 0.161 0.164 0.073
0 0.261 0.272 0.155 0.07
0 0.259 0.129 0.132 0.225
1 0.124 0.329 0.248 0.024
0 0.103 0.815 0.202 0.227
0 0.905 0.125 0.1 0.169
0 0.872 0.093 0.111 0.179
